4810: (4810, 9620, 2405.0)
6759: (6759, 13518, 3379.5)
7000: (7000, 14000, 3500.0)
7094: (7094, 14188, 3547.0)
9302: (9302, 18604, 4651.0)
10709: (10709, 21418, 5354.5)
11501: (11501, 23002, 5750.5)
11675: (11675, 23350, 5837.5)
12003: (12003, 24006, 6001.5)
12047: (12047, 24094, 6023.5)
12127: (12127, 24254, 6063.5)
12185: (12185, 24370, 6092.5)
12405: (12405, 24810, 6202.5)
12796: (12796, 25592, 6398.0)
12836: (12836, 25672, 6418.0)
13545: (13545, 27090, 6772.5)
15769: (15769, 31538, 7884.5)
16262: (16262, 32524, 8131.0)
16794: (16794, 33588, 8397.0)
16901: (16901, 33802, 8450.5)
17242: (17242, 34484, 8621.0)
17352: (17352, 34704, 8676.0)
18437: (18437, 36874, 9218.5)
18678: (18678, 37356, 9339.0)
18800: (18800, 37600, 9400.0)
19893: (19893, 39786, 9946.5)
20744: (20744, 41488, 10372.0)
21326: (21326, 42652, 10663.0)
21678: (21678, 43356, 10839.0)
23097: (23097, 46194, 11548.5)
25973: (25973, 51946, 12986.5)
27554: (27554, 55108, 13777.0)
33298: (33298, 66596, 16649.0)
36668: (36668, 73336, 18334.0)
36795: (36795, 73590, 18397.5)
37171: (37171, 74342, 18585.5)
37372: (37372, 74744, 18686.0)
38027: (38027, 76054, 19013.5)
42252: (42252, 84504, 21126.0)
42809: (42809, 85618, 21404.5)
44184: (44184, 88368, 22092.0)
44395: (44395, 88790, 22197.5)
44446: (44446, 88892, 22223.0)
46908: (46908, 93816, 23454.0)
46930: (46930, 93860, 23465.0)
47280: (47280, 94560, 23640.0)
49632: (49632, 99264, 24816.0)
49959: (49959, 99918, 24979.5)
50130: (50130, 100260, 25065.0)
50178: (50178, 100356, 25089.0)
50969: (50969, 101938, 25484.5)
52456: (52456, 104912, 26228.0)
52565: (52565, 105130, 26282.5)
53166: (53166, 106332, 26583.0)
53169: (53169, 106338, 26584.5)
54869: (54869, 109738, 27434.5)
55960: (55960, 111920, 27980.0)
58760: (58760, 117520, 29380.0)
58801: (58801, 117602, 29400.5)
59023: (59023, 118046, 29511.5)
59257: (59257, 118514, 29628.5)
59669: (59669, 119338, 29834.5)
60936: (60936, 121872, 30468.0)
61009: (61009, 122018, 30504.5)
61177: (61177, 122354, 30588.5)
63534: (63534, 127068, 31767.0)
63946: (63946, 127892, 31973.0)
64058: (64058, 128116, 32029.0)
64663: (64663, 129326, 32331.5)
65283: (65283, 130566, 32641.5)
65483: (65483, 130966, 32741.5)
65848: (65848, 131696, 32924.0)
66377: (66377, 132754, 33188.5)
67235: (67235, 134470, 33617.5)
67670: (67670, 135340, 33835.0)
68718: (68718, 137436, 34359.0)
70569: (70569, 141138, 35284.5)
71341: (71341, 142682, 35670.5)
73131: (73131, 146262, 36565.5)
78855: (78855, 157710, 39427.5)
79386: (79386, 158772, 39693.0)
82339: (82339, 164678, 41169.5)
85570: (85570, 171140, 42785.0)
85830: (85830, 171660, 42915.0)
87977: (87977, 175954, 43988.5)
88391: (88391, 176782, 44195.5)
88395: (88395, 176790, 44197.5)
88880: (88880, 177760, 44440.0)
88891: (88891, 177782, 44445.5)
90022: (90022, 180044, 45011.0)
90142: (90142, 180284, 45071.0)
90836: (90836, 181672, 45418.0)
91701: (91701, 183402, 45850.5)
92842: (92842, 185684, 46421.0)
94123: (94123, 188246, 47061.5)
94371: (94371, 188742, 47185.5)
94856: (94856, 189712, 47428.0)
95852: (95852, 191704, 47926.0)
97095: (97095, 194190, 48547.5)
99379: (99379, 198758, 49689.5)
4625: (4625, 9250, 2312.5)
34243: (34243, 68486, 17121.5)
47151: (47151, 94302, 23575.5)
51060: (51060, 102120, 25530.0)
64445: (64445, 128890, 32222.5)
66880: (66880, 133760, 33440.0)
80945: (80945, 161890, 40472.5)
100779: (100779, 201558, 50389.5)
117721: (117721, 235442, 58860.5)
123610: (123610, 247220, 61805.0)
125932: (125932, 251864, 62966.0)
146553: (146553, 293106, 73276.5)
150227: (150227, 300454, 75113.5)
160942: (160942, 321884, 80471.0)
176406: (176406, 352812, 88203.0)
182789: (182789, 365578, 91394.5)
194522: (194522, 389044, 97261.0)
196309: (196309, 392618, 98154.5)
198177: (198177, 396354, 99088.5)
225251: (225251, 450502, 112625.5)
226520: (226520, 453040, 113260.0)
229923: (229923, 459846, 114961.5)
238257: (238257, 476514, 119128.5)
238438: (238438, 476876, 119219.0)
258023: (258023, 516046, 129011.5)
305358: (305358, 610716, 152679.0)
312324: (312324, 624648, 156162.0)
313447: (313447, 626894, 156723.5)
322904: (322904, 645808, 161452.0)
333198: (333198, 666396, 166599.0)
335613: (335613, 671226, 167806.5)
350209: (350209, 700418, 175104.5)
351871: (351871, 703742, 175935.5)
364426: (364426, 728852, 182213.0)
365175: (365175, 730350, 182587.5)
379092: (379092, 758184, 189546.0)
396920: (396920, 793840, 198460.0)
404283: (404283, 808566, 202141.5)
407637: (407637, 815274, 203818.5)
431954: (431954, 863908, 215977.0)
433856: (433856, 867712, 216928.0)
434612: (434612, 869224, 217306.0)
436935: (436935, 873870, 218467.5)
439371: (439371, 878742, 219685.5)
466630: (466630, 933260, 233315.0)
469484: (469484, 938968, 234742.0)
475096: (475096, 950192, 237548.0)
481640: (481640, 963280, 240820.0)
489269: (489269, 978538, 244634.5)
489347: (489347, 978694, 244673.5)
508974: (508974, 1017948, 254487.0)
515226: (515226, 1030452, 257613.0)
519162: (519162, 1038324, 259581.0)
521457: (521457, 1042914, 260728.5)
526886: (526886, 1053772, 263443.0)
544791: (544791, 1089582, 272395.5)
546888: (546888, 1093776, 273444.0)
550193: (550193, 1100386, 275096.5)
553407: (553407, 1106814, 276703.5)
555280: (555280, 1110560, 277640.0)
555762: (555762, 1111524, 277881.0)
568943: (568943, 1137886, 284471.5)
588169: (588169, 1176338, 294084.5)
590542: (590542, 1181084, 295271.0)
610459: (610459, 1220918, 305229.5)
619300: (619300, 1238600, 309650.0)
620926: (620926, 1241852, 310463.0)
634347: (634347, 1268694, 317173.5)
647905: (647905, 1295810, 323952.5)
656371: (656371, 1312742, 328185.5)
672455: (672455, 1344910, 336227.5)
682605: (682605, 1365210, 341302.5)
695453: (695453, 1390906, 347726.5)
719405: (719405, 1438810, 359702.5)
736251: (736251, 1472502, 368125.5)
741228: (741228, 1482456, 370614.0)
748347: (748347, 1496694, 374173.5)
748546: (748546, 1497092, 374273.0)
773314: (773314, 1546628, 386657.0)
778518: (778518, 1557036, 389259.0)
779813: (779813, 1559626, 389906.5)
787554: (787554, 1575108, 393777.0)
792444: (792444, 1584888, 396222.0)
818125: (818125, 1636250, 409062.5)
820933: (820933, 1641866, 410466.5)
821172: (821172, 1642344, 410586.0)
824918: (824918, 1649836, 412459.0)
826131: (826131, 1652262, 413065.5)
843230: (843230, 1686460, 421615.0)
876302: (876302, 1752604, 438151.0)
879561: (879561, 1759122, 439780.5)
912565: (912565, 1825130, 456282.5)
914373: (914373, 1828746, 457186.5)
952883: (952883, 1905766, 476441.5)
956063: (956063, 1912126, 478031.5)
975067: (975067, 1950134, 487533.5)
979175: (979175, 1958350, 489587.5)
981321: (981321, 1962642, 490660.5)
991544: (991544, 1983088, 495772.0)
997028: (997028, 1994056, 498514.0)
