856: (856, 1712, 428.0)
2601: (2601, 5202, 1300.5)
2830: (2830, 5660, 1415.0)
3369: (3369, 6738, 1684.5)
4018: (4018, 8036, 2009.0)
5639: (5639, 11278, 2819.5)
6276: (6276, 12552, 3138.0)
6330: (6330, 12660, 3165.0)
7310: (7310, 14620, 3655.0)
7542: (7542, 15084, 3771.0)
8205: (8205, 16410, 4102.5)
14253: (14253, 28506, 7126.5)
14497: (14497, 28994, 7248.5)
14890: (14890, 29780, 7445.0)
16033: (16033, 32066, 8016.5)
17030: (17030, 34060, 8515.0)
19723: (19723, 39446, 9861.5)
20593: (20593, 41186, 10296.5)
21610: (21610, 43220, 10805.0)
22015: (22015, 44030, 11007.5)
22566: (22566, 45132, 11283.0)
25144: (25144, 50288, 12572.0)
25154: (25154, 50308, 12577.0)
25228: (25228, 50456, 12614.0)
28530: (28530, 57060, 14265.0)
29811: (29811, 59622, 14905.5)
31103: (31103, 62206, 15551.5)
31889: (31889, 63778, 15944.5)
32955: (32955, 65910, 16477.5)
34767: (34767, 69534, 17383.5)
35602: (35602, 71204, 17801.0)
36375: (36375, 72750, 18187.5)
36573: (36573, 73146, 18286.5)
36577: (36577, 73154, 18288.5)
37234: (37234, 74468, 18617.0)
38583: (38583, 77166, 19291.5)
38803: (38803, 77606, 19401.5)
38972: (38972, 77944, 19486.0)
41921: (41921, 83842, 20960.5)
42330: (42330, 84660, 21165.0)
43863: (43863, 87726, 21931.5)
44338: (44338, 88676, 22169.0)
46743: (46743, 93486, 23371.5)
48620: (48620, 97240, 24310.0)
50037: (50037, 100074, 25018.5)
50467: (50467, 100934, 25233.5)
50526: (50526, 101052, 25263.0)
50699: (50699, 101398, 25349.5)
51546: (51546, 103092, 25773.0)
52927: (52927, 105854, 26463.5)
54029: (54029, 108058, 27014.5)
54952: (54952, 109904, 27476.0)
55239: (55239, 110478, 27619.5)
55960: (55960, 111920, 27980.0)
56702: (56702, 113404, 28351.0)
57069: (57069, 114138, 28534.5)
57436: (57436, 114872, 28718.0)
57661: (57661, 115322, 28830.5)
57847: (57847, 115694, 28923.5)
59105: (59105, 118210, 29552.5)
60573: (60573, 121146, 30286.5)
61056: (61056, 122112, 30528.0)
61341: (61341, 122682, 30670.5)
61797: (61797, 123594, 30898.5)
63944: (63944, 127888, 31972.0)
64005: (64005, 128010, 32002.5)
64157: (64157, 128314, 32078.5)
65568: (65568, 131136, 32784.0)
66997: (66997, 133994, 33498.5)
67210: (67210, 134420, 33605.0)
67667: (67667, 135334, 33833.5)
67850: (67850, 135700, 33925.0)
67868: (67868, 135736, 33934.0)
67948: (67948, 135896, 33974.0)
70513: (70513, 141026, 35256.5)
71307: (71307, 142614, 35653.5)
71404: (71404, 142808, 35702.0)
71647: (71647, 143294, 35823.5)
72919: (72919, 145838, 36459.5)
73447: (73447, 146894, 36723.5)
73848: (73848, 147696, 36924.0)
75067: (75067, 150134, 37533.5)
76014: (76014, 152028, 38007.0)
77052: (77052, 154104, 38526.0)
77890: (77890, 155780, 38945.0)
78501: (78501, 157002, 39250.5)
78806: (78806, 157612, 39403.0)
81665: (81665, 163330, 40832.5)
82224: (82224, 164448, 41112.0)
85419: (85419, 170838, 42709.5)
85699: (85699, 171398, 42849.5)
86373: (86373, 172746, 43186.5)
86875: (86875, 173750, 43437.5)
88042: (88042, 176084, 44021.0)
88775: (88775, 177550, 44387.5)
89101: (89101, 178202, 44550.5)
90620: (90620, 181240, 45310.0)
90814: (90814, 181628, 45407.0)
94497: (94497, 188994, 47248.5)
94856: (94856, 189712, 47428.0)
6513: (6513, 13026, 3256.5)
22234: (22234, 44468, 11117.0)
33210: (33210, 66420, 16605.0)
34625: (34625, 69250, 17312.5)
35489: (35489, 70978, 17744.5)
70508: (70508, 141016, 35254.0)
73092: (73092, 146184, 36546.0)
83660: (83660, 167320, 41830.0)
89385: (89385, 178770, 44692.5)
89836: (89836, 179672, 44918.0)
103919: (103919, 207838, 51959.5)
106524: (106524, 213048, 53262.0)
130843: (130843, 261686, 65421.5)
132028: (132028, 264056, 66014.0)
132839: (132839, 265678, 66419.5)
139702: (139702, 279404, 69851.0)
143238: (143238, 286476, 71619.0)
145730: (145730, 291460, 72865.0)
152188: (152188, 304376, 76094.0)
163383: (163383, 326766, 81691.5)
176707: (176707, 353414, 88353.5)
177391: (177391, 354782, 88695.5)
196162: (196162, 392324, 98081.0)
209975: (209975, 419950, 104987.5)
210035: (210035, 420070, 105017.5)
218956: (218956, 437912, 109478.0)
234432: (234432, 468864, 117216.0)
254534: (254534, 509068, 127267.0)
262574: (262574, 525148, 131287.0)
262784: (262784, 525568, 131392.0)
266070: (266070, 532140, 133035.0)
311182: (311182, 622364, 155591.0)
324294: (324294, 648588, 162147.0)
325759: (325759, 651518, 162879.5)
371800: (371800, 743600, 185900.0)
386094: (386094, 772188, 193047.0)
386359: (386359, 772718, 193179.5)
392896: (392896, 785792, 196448.0)
402560: (402560, 805120, 201280.0)
425830: (425830, 851660, 212915.0)
438649: (438649, 877298, 219324.5)
439814: (439814, 879628, 219907.0)
458195: (458195, 916390, 229097.5)
461855: (461855, 923710, 230927.5)
478175: (478175, 956350, 239087.5)
496814: (496814, 993628, 248407.0)
502807: (502807, 1005614, 251403.5)
504410: (504410, 1008820, 252205.0)
511598: (511598, 1023196, 255799.0)
519617: (519617, 1039234, 259808.5)
519732: (519732, 1039464, 259866.0)
521547: (521547, 1043094, 260773.5)
533134: (533134, 1066268, 266567.0)
533498: (533498, 1066996, 266749.0)
536234: (536234, 1072468, 268117.0)
544440: (544440, 1088880, 272220.0)
550270: (550270, 1100540, 275135.0)
569481: (569481, 1138962, 284740.5)
576189: (576189, 1152378, 288094.5)
579103: (579103, 1158206, 289551.5)
581117: (581117, 1162234, 290558.5)
604708: (604708, 1209416, 302354.0)
605704: (605704, 1211408, 302852.0)
658014: (658014, 1316028, 329007.0)
660229: (660229, 1320458, 330114.5)
663263: (663263, 1326526, 331631.5)
724108: (724108, 1448216, 362054.0)
731194: (731194, 1462388, 365597.0)
734106: (734106, 1468212, 367053.0)
749258: (749258, 1498516, 374629.0)
753244: (753244, 1506488, 376622.0)
760022: (760022, 1520044, 380011.0)
761172: (761172, 1522344, 380586.0)
764914: (764914, 1529828, 382457.0)
792801: (792801, 1585602, 396400.5)
796602: (796602, 1593204, 398301.0)
796764: (796764, 1593528, 398382.0)
817661: (817661, 1635322, 408830.5)
824160: (824160, 1648320, 412080.0)
827723: (827723, 1655446, 413861.5)
830486: (830486, 1660972, 415243.0)
843482: (843482, 1686964, 421741.0)
846188: (846188, 1692376, 423094.0)
847153: (847153, 1694306, 423576.5)
848871: (848871, 1697742, 424435.5)
849766: (849766, 1699532, 424883.0)
870309: (870309, 1740618, 435154.5)
883892: (883892, 1767784, 441946.0)
888755: (888755, 1777510, 444377.5)
889072: (889072, 1778144, 444536.0)
893272: (893272, 1786544, 446636.0)
905810: (905810, 1811620, 452905.0)
910071: (910071, 1820142, 455035.5)
911995: (911995, 1823990, 455997.5)
928583: (928583, 1857166, 464291.5)
938486: (938486, 1876972, 469243.0)
945535: (945535, 1891070, 472767.5)
953129: (953129, 1906258, 476564.5)
955414: (955414, 1910828, 477707.0)
968790: (968790, 1937580, 484395.0)
