2018: (2018, 4036, 1009.0)
2050: (2050, 4100, 1025.0)
2290: (2290, 4580, 1145.0)
2390: (2390, 4780, 1195.0)
2931: (2931, 5862, 1465.5)
3611: (3611, 7222, 1805.5)
4165: (4165, 8330, 2082.5)
5679: (5679, 11358, 2839.5)
5872: (5872, 11744, 2936.0)
6432: (6432, 12864, 3216.0)
8040: (8040, 16080, 4020.0)
8696: (8696, 17392, 4348.0)
9300: (9300, 18600, 4650.0)
9943: (9943, 19886, 4971.5)
11197: (11197, 22394, 5598.5)
15331: (15331, 30662, 7665.5)
15752: (15752, 31504, 7876.0)
15818: (15818, 31636, 7909.0)
16009: (16009, 32018, 8004.5)
16199: (16199, 32398, 8099.5)
16429: (16429, 32858, 8214.5)
16920: (16920, 33840, 8460.0)
17373: (17373, 34746, 8686.5)
18568: (18568, 37136, 9284.0)
19250: (19250, 38500, 9625.0)
20967: (20967, 41934, 10483.5)
23341: (23341, 46682, 11670.5)
24445: (24445, 48890, 12222.5)
26127: (26127, 52254, 13063.5)
27236: (27236, 54472, 13618.0)
28953: (28953, 57906, 14476.5)
30594: (30594, 61188, 15297.0)
32976: (32976, 65952, 16488.0)
34080: (34080, 68160, 17040.0)
34626: (34626, 69252, 17313.0)
35434: (35434, 70868, 17717.0)
36496: (36496, 72992, 18248.0)
37610: (37610, 75220, 18805.0)
37613: (37613, 75226, 18806.5)
38581: (38581, 77162, 19290.5)
38707: (38707, 77414, 19353.5)
38977: (38977, 77954, 19488.5)
39310: (39310, 78620, 19655.0)
39360: (39360, 78720, 19680.0)
40149: (40149, 80298, 20074.5)
40225: (40225, 80450, 20112.5)
43948: (43948, 87896, 21974.0)
44093: (44093, 88186, 22046.5)
44202: (44202, 88404, 22101.0)
45420: (45420, 90840, 22710.0)
45526: (45526, 91052, 22763.0)
45677: (45677, 91354, 22838.5)
47648: (47648, 95296, 23824.0)
49438: (49438, 98876, 24719.0)
49477: (49477, 98954, 24738.5)
49629: (49629, 99258, 24814.5)
53421: (53421, 106842, 26710.5)
54694: (54694, 109388, 27347.0)
54699: (54699, 109398, 27349.5)
55169: (55169, 110338, 27584.5)
55937: (55937, 111874, 27968.5)
56298: (56298, 112596, 28149.0)
57035: (57035, 114070, 28517.5)
58092: (58092, 116184, 29046.0)
59294: (59294, 118588, 29647.0)
59429: (59429, 118858, 29714.5)
59669: (59669, 119338, 29834.5)
60636: (60636, 121272, 30318.0)
61433: (61433, 122866, 30716.5)
62995: (62995, 125990, 31497.5)
63031: (63031, 126062, 31515.5)
66323: (66323, 132646, 33161.5)
66647: (66647, 133294, 33323.5)
66710: (66710, 133420, 33355.0)
70103: (70103, 140206, 35051.5)
70480: (70480, 140960, 35240.0)
70980: (70980, 141960, 35490.0)
71381: (71381, 142762, 35690.5)
71595: (71595, 143190, 35797.5)
72626: (72626, 145252, 36313.0)
73263: (73263, 146526, 36631.5)
74387: (74387, 148774, 37193.5)
74748: (74748, 149496, 37374.0)
75508: (75508, 151016, 37754.0)
77548: (77548, 155096, 38774.0)
77575: (77575, 155150, 38787.5)
77704: (77704, 155408, 38852.0)
78663: (78663, 157326, 39331.5)
83168: (83168, 166336, 41584.0)
83548: (83548, 167096, 41774.0)
84307: (84307, 168614, 42153.5)
84466: (84466, 168932, 42233.0)
87826: (87826, 175652, 43913.0)
91016: (91016, 182032, 45508.0)
91337: (91337, 182674, 45668.5)
93857: (93857, 187714, 46928.5)
94394: (94394, 188788, 47197.0)
94896: (94896, 189792, 47448.0)
95065: (95065, 190130, 47532.5)
95964: (95964, 191928, 47982.0)
14309: (14309, 28618, 7154.5)
51500: (51500, 103000, 25750.0)
60827: (60827, 121654, 30413.5)
69983: (69983, 139966, 34991.5)
77918: (77918, 155836, 38959.0)
86123: (86123, 172246, 43061.5)
130509: (130509, 261018, 65254.5)
132920: (132920, 265840, 66460.0)
140964: (140964, 281928, 70482.0)
145130: (145130, 290260, 72565.0)
172049: (172049, 344098, 86024.5)
177216: (177216, 354432, 88608.0)
184368: (184368, 368736, 92184.0)
185823: (185823, 371646, 92911.5)
213898: (213898, 427796, 106949.0)
219841: (219841, 439682, 109920.5)
251564: (251564, 503128, 125782.0)
259471: (259471, 518942, 129735.5)
262567: (262567, 525134, 131283.5)
293128: (293128, 586256, 146564.0)
307062: (307062, 614124, 153531.0)
318091: (318091, 636182, 159045.5)
323517: (323517, 647034, 161758.5)
334073: (334073, 668146, 167036.5)
359268: (359268, 718536, 179634.0)
379854: (379854, 759708, 189927.0)
380111: (380111, 760222, 190055.5)
382517: (382517, 765034, 191258.5)
386583: (386583, 773166, 193291.5)
393045: (393045, 786090, 196522.5)
396339: (396339, 792678, 198169.5)
397619: (397619, 795238, 198809.5)
413263: (413263, 826526, 206631.5)
416470: (416470, 832940, 208235.0)
421349: (421349, 842698, 210674.5)
426031: (426031, 852062, 213015.5)
432774: (432774, 865548, 216387.0)
435857: (435857, 871714, 217928.5)
445957: (445957, 891914, 222978.5)
449155: (449155, 898310, 224577.5)
458005: (458005, 916010, 229002.5)
458644: (458644, 917288, 229322.0)
470368: (470368, 940736, 235184.0)
478842: (478842, 957684, 239421.0)
485511: (485511, 971022, 242755.5)
488512: (488512, 977024, 244256.0)
492891: (492891, 985782, 246445.5)
513439: (513439, 1026878, 256719.5)
519788: (519788, 1039576, 259894.0)
524411: (524411, 1048822, 262205.5)
580680: (580680, 1161360, 290340.0)
584338: (584338, 1168676, 292169.0)
584700: (584700, 1169400, 292350.0)
587774: (587774, 1175548, 293887.0)
589621: (589621, 1179242, 294810.5)
606542: (606542, 1213084, 303271.0)
616712: (616712, 1233424, 308356.0)
625383: (625383, 1250766, 312691.5)
627524: (627524, 1255048, 313762.0)
637218: (637218, 1274436, 318609.0)
637458: (637458, 1274916, 318729.0)
656506: (656506, 1313012, 328253.0)
671155: (671155, 1342310, 335577.5)
672090: (672090, 1344180, 336045.0)
674449: (674449, 1348898, 337224.5)
688321: (688321, 1376642, 344160.5)
690716: (690716, 1381432, 345358.0)
696083: (696083, 1392166, 348041.5)
706350: (706350, 1412700, 353175.0)
715960: (715960, 1431920, 357980.0)
727657: (727657, 1455314, 363828.5)
728806: (728806, 1457612, 364403.0)
753914: (753914, 1507828, 376957.0)
759929: (759929, 1519858, 379964.5)
763905: (763905, 1527810, 381952.5)
766285: (766285, 1532570, 383142.5)
768496: (768496, 1536992, 384248.0)
797011: (797011, 1594022, 398505.5)
814942: (814942, 1629884, 407471.0)
820154: (820154, 1640308, 410077.0)
821252: (821252, 1642504, 410626.0)
833164: (833164, 1666328, 416582.0)
848719: (848719, 1697438, 424359.5)
850736: (850736, 1701472, 425368.0)
851731: (851731, 1703462, 425865.5)
858907: (858907, 1717814, 429453.5)
866748: (866748, 1733496, 433374.0)
867453: (867453, 1734906, 433726.5)
878574: (878574, 1757148, 439287.0)
883612: (883612, 1767224, 441806.0)
889513: (889513, 1779026, 444756.5)
889610: (889610, 1779220, 444805.0)
891257: (891257, 1782514, 445628.5)
908523: (908523, 1817046, 454261.5)
926094: (926094, 1852188, 463047.0)
926797: (926797, 1853594, 463398.5)
932460: (932460, 1864920, 466230.0)
939656: (939656, 1879312, 469828.0)
946264: (946264, 1892528, 473132.0)
993172: (993172, 1986344, 496586.0)
