3885: (3885, 7770, 1942.5)
4561: (4561, 9122, 2280.5)
4880: (4880, 9760, 2440.0)
4892: (4892, 9784, 2446.0)
4966: (4966, 9932, 2483.0)
7203: (7203, 14406, 3601.5)
7302: (7302, 14604, 3651.0)
7385: (7385, 14770, 3692.5)
7554: (7554, 15108, 3777.0)
8620: (8620, 17240, 4310.0)
11216: (11216, 22432, 5608.0)
11434: (11434, 22868, 5717.0)
14936: (14936, 29872, 7468.0)
15232: (15232, 30464, 7616.0)
15561: (15561, 31122, 7780.5)
16293: (16293, 32586, 8146.5)
16511: (16511, 33022, 8255.5)
17409: (17409, 34818, 8704.5)
19778: (19778, 39556, 9889.0)
19860: (19860, 39720, 9930.0)
20195: (20195, 40390, 10097.5)
22701: (22701, 45402, 11350.5)
23131: (23131, 46262, 11565.5)
23840: (23840, 47680, 11920.0)
24547: (24547, 49094, 12273.5)
25286: (25286, 50572, 12643.0)
25632: (25632, 51264, 12816.0)
27053: (27053, 54106, 13526.5)
27071: (27071, 54142, 13535.5)
28845: (28845, 57690, 14422.5)
30215: (30215, 60430, 15107.5)
31223: (31223, 62446, 15611.5)
33955: (33955, 67910, 16977.5)
34424: (34424, 68848, 17212.0)
36633: (36633, 73266, 18316.5)
37092: (37092, 74184, 18546.0)
38556: (38556, 77112, 19278.0)
40402: (40402, 80804, 20201.0)
40722: (40722, 81444, 20361.0)
40821: (40821, 81642, 20410.5)
42814: (42814, 85628, 21407.0)
43974: (43974, 87948, 21987.0)
45901: (45901, 91802, 22950.5)
46094: (46094, 92188, 23047.0)
48061: (48061, 96122, 24030.5)
50312: (50312, 100624, 25156.0)
51279: (51279, 102558, 25639.5)
53126: (53126, 106252, 26563.0)
53857: (53857, 107714, 26928.5)
55525: (55525, 111050, 27762.5)
57067: (57067, 114134, 28533.5)
57272: (57272, 114544, 28636.0)
58485: (58485, 116970, 29242.5)
58923: (58923, 117846, 29461.5)
61735: (61735, 123470, 30867.5)
63500: (63500, 127000, 31750.0)
63584: (63584, 127168, 31792.0)
63801: (63801, 127602, 31900.5)
64087: (64087, 128174, 32043.5)
64453: (64453, 128906, 32226.5)
65885: (65885, 131770, 32942.5)
67496: (67496, 134992, 33748.0)
70029: (70029, 140058, 35014.5)
70332: (70332, 140664, 35166.0)
70771: (70771, 141542, 35385.5)
72289: (72289, 144578, 36144.5)
73018: (73018, 146036, 36509.0)
74034: (74034, 148068, 37017.0)
74120: (74120, 148240, 37060.0)
74320: (74320, 148640, 37160.0)
75244: (75244, 150488, 37622.0)
75447: (75447, 150894, 37723.5)
75520: (75520, 151040, 37760.0)
76519: (76519, 153038, 38259.5)
78203: (78203, 156406, 39101.5)
78433: (78433, 156866, 39216.5)
79472: (79472, 158944, 39736.0)
81491: (81491, 162982, 40745.5)
82545: (82545, 165090, 41272.5)
83054: (83054, 166108, 41527.0)
83203: (83203, 166406, 41601.5)
83882: (83882, 167764, 41941.0)
85573: (85573, 171146, 42786.5)
89595: (89595, 179190, 44797.5)
90010: (90010, 180020, 45005.0)
90100: (90100, 180200, 45050.0)
90210: (90210, 180420, 45105.0)
90473: (90473, 180946, 45236.5)
90840: (90840, 181680, 45420.0)
90927: (90927, 181854, 45463.5)
91492: (91492, 182984, 45746.0)
94922: (94922, 189844, 47461.0)
96218: (96218, 192436, 48109.0)
96733: (96733, 193466, 48366.5)
98348: (98348, 196696, 49174.0)
99258: (99258, 198516, 49629.0)
99387: (99387, 198774, 49693.5)
99442: (99442, 198884, 49721.0)
99486: (99486, 198972, 49743.0)
99505: (99505, 199010, 49752.5)
5800: (5800, 11600, 2900.0)
13994: (13994, 27988, 6997.0)
15562: (15562, 31124, 7781.0)
20219: (20219, 40438, 10109.5)
20715: (20715, 41430, 10357.5)
31534: (31534, 63068, 15767.0)
32732: (32732, 65464, 16366.0)
41431: (41431, 82862, 20715.5)
44131: (44131, 88262, 22065.5)
47583: (47583, 95166, 23791.5)
50685: (50685, 101370, 25342.5)
56059: (56059, 112118, 28029.5)
82844: (82844, 165688, 41422.0)
109850: (109850, 219700, 54925.0)
113128: (113128, 226256, 56564.0)
117825: (117825, 235650, 58912.5)
119506: (119506, 239012, 59753.0)
121057: (121057, 242114, 60528.5)
128287: (128287, 256574, 64143.5)
133002: (133002, 266004, 66501.0)
138070: (138070, 276140, 69035.0)
145573: (145573, 291146, 72786.5)
154230: (154230, 308460, 77115.0)
155061: (155061, 310122, 77530.5)
169350: (169350, 338700, 84675.0)
171483: (171483, 342966, 85741.5)
182275: (182275, 364550, 91137.5)
188736: (188736, 377472, 94368.0)
192693: (192693, 385386, 96346.5)
201440: (201440, 402880, 100720.0)
207193: (207193, 414386, 103596.5)
211172: (211172, 422344, 105586.0)
226281: (226281, 452562, 113140.5)
254562: (254562, 509124, 127281.0)
271264: (271264, 542528, 135632.0)
272454: (272454, 544908, 136227.0)
276968: (276968, 553936, 138484.0)
282111: (282111, 564222, 141055.5)
284678: (284678, 569356, 142339.0)
286716: (286716, 573432, 143358.0)
294440: (294440, 588880, 147220.0)
302057: (302057, 604114, 151028.5)
303916: (303916, 607832, 151958.0)
330584: (330584, 661168, 165292.0)
358886: (358886, 717772, 179443.0)
370672: (370672, 741344, 185336.0)
371371: (371371, 742742, 185685.5)
378671: (378671, 757342, 189335.5)
390480: (390480, 780960, 195240.0)
394701: (394701, 789402, 197350.5)
406506: (406506, 813012, 203253.0)
444039: (444039, 888078, 222019.5)
458538: (458538, 917076, 229269.0)
460496: (460496, 920992, 230248.0)
468695: (468695, 937390, 234347.5)
476872: (476872, 953744, 238436.0)
477469: (477469, 954938, 238734.5)
489973: (489973, 979946, 244986.5)
497967: (497967, 995934, 248983.5)
504042: (504042, 1008084, 252021.0)
512143: (512143, 1024286, 256071.5)
515895: (515895, 1031790, 257947.5)
559486: (559486, 1118972, 279743.0)
562078: (562078, 1124156, 281039.0)
584183: (584183, 1168366, 292091.5)
597718: (597718, 1195436, 298859.0)
603926: (603926, 1207852, 301963.0)
620225: (620225, 1240450, 310112.5)
633373: (633373, 1266746, 316686.5)
667023: (667023, 1334046, 333511.5)
670971: (670971, 1341942, 335485.5)
677402: (677402, 1354804, 338701.0)
679114: (679114, 1358228, 339557.0)
684783: (684783, 1369566, 342391.5)
729457: (729457, 1458914, 364728.5)
731429: (731429, 1462858, 365714.5)
734029: (734029, 1468058, 367014.5)
735071: (735071, 1470142, 367535.5)
741680: (741680, 1483360, 370840.0)
748058: (748058, 1496116, 374029.0)
752261: (752261, 1504522, 376130.5)
760362: (760362, 1520724, 380181.0)
768407: (768407, 1536814, 384203.5)
783339: (783339, 1566678, 391669.5)
805162: (805162, 1610324, 402581.0)
816497: (816497, 1632994, 408248.5)
817568: (817568, 1635136, 408784.0)
820587: (820587, 1641174, 410293.5)
825460: (825460, 1650920, 412730.0)
846115: (846115, 1692230, 423057.5)
850667: (850667, 1701334, 425333.5)
856299: (856299, 1712598, 428149.5)
897493: (897493, 1794986, 448746.5)
901145: (901145, 1802290, 450572.5)
906629: (906629, 1813258, 453314.5)
947789: (947789, 1895578, 473894.5)
975896: (975896, 1951792, 487948.0)
994418: (994418, 1988836, 497209.0)
997108: (997108, 1994216, 498554.0)
999050: (999050, 1998100, 499525.0)
