505: (505, 1010, 252.5)
3485: (3485, 6970, 1742.5)
7744: (7744, 15488, 3872.0)
9173: (9173, 18346, 4586.5)
9291: (9291, 18582, 4645.5)
9449: (9449, 18898, 4724.5)
9756: (9756, 19512, 4878.0)
11839: (11839, 23678, 5919.5)
11895: (11895, 23790, 5947.5)
16261: (16261, 32522, 8130.5)
16293: (16293, 32586, 8146.5)
16363: (16363, 32726, 8181.5)
17095: (17095, 34190, 8547.5)
17188: (17188, 34376, 8594.0)
17264: (17264, 34528, 8632.0)
18520: (18520, 37040, 9260.0)
20440: (20440, 40880, 10220.0)
20850: (20850, 41700, 10425.0)
21006: (21006, 42012, 10503.0)
21972: (21972, 43944, 10986.0)
22794: (22794, 45588, 11397.0)
25342: (25342, 50684, 12671.0)
27454: (27454, 54908, 13727.0)
27897: (27897, 55794, 13948.5)
28654: (28654, 57308, 14327.0)
28899: (28899, 57798, 14449.5)
29398: (29398, 58796, 14699.0)
29919: (29919, 59838, 14959.5)
30267: (30267, 60534, 15133.5)
31184: (31184, 62368, 15592.0)
31540: (31540, 63080, 15770.0)
32334: (32334, 64668, 16167.0)
32600: (32600, 65200, 16300.0)
33787: (33787, 67574, 16893.5)
33900: (33900, 67800, 16950.0)
34750: (34750, 69500, 17375.0)
35880: (35880, 71760, 17940.0)
36194: (36194, 72388, 18097.0)
36852: (36852, 73704, 18426.0)
36916: (36916, 73832, 18458.0)
40808: (40808, 81616, 20404.0)
43485: (43485, 86970, 21742.5)
44165: (44165, 88330, 22082.5)
44855: (44855, 89710, 22427.5)
45772: (45772, 91544, 22886.0)
49726: (49726, 99452, 24863.0)
50820: (50820, 101640, 25410.0)
52661: (52661, 105322, 26330.5)
52947: (52947, 105894, 26473.5)
53514: (53514, 107028, 26757.0)
54278: (54278, 108556, 27139.0)
54693: (54693, 109386, 27346.5)
54939: (54939, 109878, 27469.5)
55346: (55346, 110692, 27673.0)
56463: (56463, 112926, 28231.5)
58892: (58892, 117784, 29446.0)
59449: (59449, 118898, 29724.5)
59801: (59801, 119602, 29900.5)
60264: (60264, 120528, 30132.0)
63961: (63961, 127922, 31980.5)
64316: (64316, 128632, 32158.0)
65178: (65178, 130356, 32589.0)
67620: (67620, 135240, 33810.0)
67980: (67980, 135960, 33990.0)
69217: (69217, 138434, 34608.5)
69983: (69983, 139966, 34991.5)
70860: (70860, 141720, 35430.0)
71495: (71495, 142990, 35747.5)
72381: (72381, 144762, 36190.5)
72531: (72531, 145062, 36265.5)
74843: (74843, 149686, 37421.5)
75758: (75758, 151516, 37879.0)
76608: (76608, 153216, 38304.0)
76675: (76675, 153350, 38337.5)
78726: (78726, 157452, 39363.0)
79383: (79383, 158766, 39691.5)
81156: (81156, 162312, 40578.0)
81349: (81349, 162698, 40674.5)
81644: (81644, 163288, 40822.0)
82963: (82963, 165926, 41481.5)
83166: (83166, 166332, 41583.0)
83191: (83191, 166382, 41595.5)
83834: (83834, 167668, 41917.0)
84290: (84290, 168580, 42145.0)
84857: (84857, 169714, 42428.5)
84869: (84869, 169738, 42434.5)
85261: (85261, 170522, 42630.5)
86134: (86134, 172268, 43067.0)
86468: (86468, 172936, 43234.0)
87668: (87668, 175336, 43834.0)
88341: (88341, 176682, 44170.5)
89262: (89262, 178524, 44631.0)
89360: (89360, 178720, 44680.0)
89712: (89712, 179424, 44856.0)
92985: (92985, 185970, 46492.5)
95767: (95767, 191534, 47883.5)
96873: (96873, 193746, 48436.5)
96964: (96964, 193928, 48482.0)
97763: (97763, 195526, 48881.5)
98048: (98048, 196096, 49024.0)
14519: (14519, 29038, 7259.5)
24536: (24536, 49072, 12268.0)
25427: (25427, 50854, 12713.5)
36334: (36334, 72668, 18167.0)
45093: (45093, 90186, 22546.5)
56892: (56892, 113784, 28446.0)
61202: (61202, 122404, 30601.0)
73828: (73828, 147656, 36914.0)
81959: (81959, 163918, 40979.5)
95213: (95213, 190426, 47606.5)
130293: (130293, 260586, 65146.5)
131922: (131922, 263844, 65961.0)
135343: (135343, 270686, 67671.5)
149797: (149797, 299594, 74898.5)
152168: (152168, 304336, 76084.0)
166716: (166716, 333432, 83358.0)
188016: (188016, 376032, 94008.0)
195711: (195711, 391422, 97855.5)
197308: (197308, 394616, 98654.0)
206857: (206857, 413714, 103428.5)
209233: (209233, 418466, 104616.5)
215048: (215048, 430096, 107524.0)
217919: (217919, 435838, 108959.5)
223175: (223175, 446350, 111587.5)
233906: (233906, 467812, 116953.0)
243109: (243109, 486218, 121554.5)
251247: (251247, 502494, 125623.5)
252486: (252486, 504972, 126243.0)
254033: (254033, 508066, 127016.5)
265245: (265245, 530490, 132622.5)
271373: (271373, 542746, 135686.5)
274564: (274564, 549128, 137282.0)
293590: (293590, 587180, 146795.0)
297313: (297313, 594626, 148656.5)
336385: (336385, 672770, 168192.5)
361225: (361225, 722450, 180612.5)
382189: (382189, 764378, 191094.5)
384990: (384990, 769980, 192495.0)
395706: (395706, 791412, 197853.0)
400786: (400786, 801572, 200393.0)
405602: (405602, 811204, 202801.0)
417559: (417559, 835118, 208779.5)
424203: (424203, 848406, 212101.5)
424509: (424509, 849018, 212254.5)
445114: (445114, 890228, 222557.0)
462139: (462139, 924278, 231069.5)
462234: (462234, 924468, 231117.0)
487875: (487875, 975750, 243937.5)
496300: (496300, 992600, 248150.0)
504125: (504125, 1008250, 252062.5)
512905: (512905, 1025810, 256452.5)
517810: (517810, 1035620, 258905.0)
518035: (518035, 1036070, 259017.5)
520112: (520112, 1040224, 260056.0)
533863: (533863, 1067726, 266931.5)
538818: (538818, 1077636, 269409.0)
540646: (540646, 1081292, 270323.0)
540821: (540821, 1081642, 270410.5)
543186: (543186, 1086372, 271593.0)
552894: (552894, 1105788, 276447.0)
561195: (561195, 1122390, 280597.5)
564287: (564287, 1128574, 282143.5)
567316: (567316, 1134632, 283658.0)
592254: (592254, 1184508, 296127.0)
607451: (607451, 1214902, 303725.5)
618014: (618014, 1236028, 309007.0)
637011: (637011, 1274022, 318505.5)
648157: (648157, 1296314, 324078.5)
659939: (659939, 1319878, 329969.5)
666884: (666884, 1333768, 333442.0)
682042: (682042, 1364084, 341021.0)
701299: (701299, 1402598, 350649.5)
723830: (723830, 1447660, 361915.0)
727524: (727524, 1455048, 363762.0)
735088: (735088, 1470176, 367544.0)
736390: (736390, 1472780, 368195.0)
791899: (791899, 1583798, 395949.5)
800941: (800941, 1601882, 400470.5)
802169: (802169, 1604338, 401084.5)
823762: (823762, 1647524, 411881.0)
856736: (856736, 1713472, 428368.0)
858364: (858364, 1716728, 429182.0)
865365: (865365, 1730730, 432682.5)
867752: (867752, 1735504, 433876.0)
877776: (877776, 1755552, 438888.0)
882012: (882012, 1764024, 441006.0)
884611: (884611, 1769222, 442305.5)
916196: (916196, 1832392, 458098.0)
918886: (918886, 1837772, 459443.0)
921513: (921513, 1843026, 460756.5)
921850: (921850, 1843700, 460925.0)
925070: (925070, 1850140, 462535.0)
928140: (928140, 1856280, 464070.0)
935040: (935040, 1870080, 467520.0)
938635: (938635, 1877270, 469317.5)
941649: (941649, 1883298, 470824.5)
956166: (956166, 1912332, 478083.0)
959696: (959696, 1919392, 479848.0)
965336: (965336, 1930672, 482668.0)
981310: (981310, 1962620, 490655.0)
