378: (378, 756, 189.0)
424: (424, 848, 212.0)
577: (577, 1154, 288.5)
603: (603, 1206, 301.5)
2398: (2398, 4796, 1199.0)
2593: (2593, 5186, 1296.5)
3527: (3527, 7054, 1763.5)
4341: (4341, 8682, 2170.5)
4924: (4924, 9848, 2462.0)
5873: (5873, 11746, 2936.5)
6227: (6227, 12454, 3113.5)
10575: (10575, 21150, 5287.5)
10994: (10994, 21988, 5497.0)
11145: (11145, 22290, 5572.5)
13253: (13253, 26506, 6626.5)
14405: (14405, 28810, 7202.5)
15749: (15749, 31498, 7874.5)
16153: (16153, 32306, 8076.5)
16787: (16787, 33574, 8393.5)
16981: (16981, 33962, 8490.5)
17184: (17184, 34368, 8592.0)
18217: (18217, 36434, 9108.5)
18486: (18486, 36972, 9243.0)
19484: (19484, 38968, 9742.0)
19989: (19989, 39978, 9994.5)
20494: (20494, 40988, 10247.0)
22316: (22316, 44632, 11158.0)
24454: (24454, 48908, 12227.0)
28665: (28665, 57330, 14332.5)
29623: (29623, 59246, 14811.5)
29710: (29710, 59420, 14855.0)
30887: (30887, 61774, 15443.5)
32160: (32160, 64320, 16080.0)
33921: (33921, 67842, 16960.5)
34253: (34253, 68506, 17126.5)
35463: (35463, 70926, 17731.5)
35924: (35924, 71848, 17962.0)
37127: (37127, 74254, 18563.5)
38051: (38051, 76102, 19025.5)
38419: (38419, 76838, 19209.5)
38568: (38568, 77136, 19284.0)
38746: (38746, 77492, 19373.0)
39225: (39225, 78450, 19612.5)
39551: (39551, 79102, 19775.5)
40346: (40346, 80692, 20173.0)
43308: (43308, 86616, 21654.0)
43494: (43494, 86988, 21747.0)
43615: (43615, 87230, 21807.5)
46705: (46705, 93410, 23352.5)
46886: (46886, 93772, 23443.0)
46898: (46898, 93796, 23449.0)
47596: (47596, 95192, 23798.0)
48106: (48106, 96212, 24053.0)
49038: (49038, 98076, 24519.0)
50910: (50910, 101820, 25455.0)
52330: (52330, 104660, 26165.0)
52688: (52688, 105376, 26344.0)
53908: (53908, 107816, 26954.0)
54114: (54114, 108228, 27057.0)
54548: (54548, 109096, 27274.0)
59287: (59287, 118574, 29643.5)
60476: (60476, 120952, 30238.0)
60585: (60585, 121170, 30292.5)
61804: (61804, 123608, 30902.0)
62342: (62342, 124684, 31171.0)
63680: (63680, 127360, 31840.0)
63768: (63768, 127536, 31884.0)
63943: (63943, 127886, 31971.5)
65056: (65056, 130112, 32528.0)
66621: (66621, 133242, 33310.5)
70051: (70051, 140102, 35025.5)
70284: (70284, 140568, 35142.0)
70784: (70784, 141568, 35392.0)
72763: (72763, 145526, 36381.5)
73736: (73736, 147472, 36868.0)
76126: (76126, 152252, 38063.0)
78241: (78241, 156482, 39120.5)
81523: (81523, 163046, 40761.5)
81777: (81777, 163554, 40888.5)
82977: (82977, 165954, 41488.5)
83101: (83101, 166202, 41550.5)
85295: (85295, 170590, 42647.5)
86100: (86100, 172200, 43050.0)
86401: (86401, 172802, 43200.5)
86531: (86531, 173062, 43265.5)
87059: (87059, 174118, 43529.5)
87528: (87528, 175056, 43764.0)
88002: (88002, 176004, 44001.0)
89176: (89176, 178352, 44588.0)
89210: (89210, 178420, 44605.0)
90680: (90680, 181360, 45340.0)
91170: (91170, 182340, 45585.0)
91371: (91371, 182742, 45685.5)
91615: (91615, 183230, 45807.5)
91658: (91658, 183316, 45829.0)
93911: (93911, 187822, 46955.5)
95888: (95888, 191776, 47944.0)
97109: (97109, 194218, 48554.5)
97520: (97520, 195040, 48760.0)
99172: (99172, 198344, 49586.0)
23944: (23944, 47888, 11972.0)
25161: (25161, 50322, 12580.5)
36832: (36832, 73664, 18416.0)
43232: (43232, 86464, 21616.0)
55998: (55998, 111996, 27999.0)
60754: (60754, 121508, 30377.0)
78239: (78239, 156478, 39119.5)
84951: (84951, 169902, 42475.5)
89685: (89685, 179370, 44842.5)
99724: (99724, 199448, 49862.0)
100851: (100851, 201702, 50425.5)
108839: (108839, 217678, 54419.5)
112278: (112278, 224556, 56139.0)
124393: (124393, 248786, 62196.5)
131928: (131928, 263856, 65964.0)
142795: (142795, 285590, 71397.5)
143475: (143475, 286950, 71737.5)
157732: (157732, 315464, 78866.0)
161120: (161120, 322240, 80560.0)
165230: (165230, 330460, 82615.0)
179974: (179974, 359948, 89987.0)
181537: (181537, 363074, 90768.5)
194564: (194564, 389128, 97282.0)
203646: (203646, 407292, 101823.0)
205065: (205065, 410130, 102532.5)
265688: (265688, 531376, 132844.0)
281488: (281488, 562976, 140744.0)
289452: (289452, 578904, 144726.0)
335887: (335887, 671774, 167943.5)
338321: (338321, 676642, 169160.5)
342427: (342427, 684854, 171213.5)
343992: (343992, 687984, 171996.0)
352278: (352278, 704556, 176139.0)
355556: (355556, 711112, 177778.0)
361906: (361906, 723812, 180953.0)
381037: (381037, 762074, 190518.5)
392492: (392492, 784984, 196246.0)
401426: (401426, 802852, 200713.0)
407657: (407657, 815314, 203828.5)
430929: (430929, 861858, 215464.5)
451684: (451684, 903368, 225842.0)
465407: (465407, 930814, 232703.5)
478161: (478161, 956322, 239080.5)
489654: (489654, 979308, 244827.0)
491295: (491295, 982590, 245647.5)
493604: (493604, 987208, 246802.0)
523270: (523270, 1046540, 261635.0)
523716: (523716, 1047432, 261858.0)
530073: (530073, 1060146, 265036.5)
534420: (534420, 1068840, 267210.0)
550758: (550758, 1101516, 275379.0)
555499: (555499, 1110998, 277749.5)
561097: (561097, 1122194, 280548.5)
561319: (561319, 1122638, 280659.5)
585440: (585440, 1170880, 292720.0)
587051: (587051, 1174102, 293525.5)
599493: (599493, 1198986, 299746.5)
601677: (601677, 1203354, 300838.5)
628729: (628729, 1257458, 314364.5)
648806: (648806, 1297612, 324403.0)
649628: (649628, 1299256, 324814.0)
651458: (651458, 1302916, 325729.0)
652060: (652060, 1304120, 326030.0)
661455: (661455, 1322910, 330727.5)
664224: (664224, 1328448, 332112.0)
665533: (665533, 1331066, 332766.5)
673934: (673934, 1347868, 336967.0)
674256: (674256, 1348512, 337128.0)
683227: (683227, 1366454, 341613.5)
694534: (694534, 1389068, 347267.0)
699186: (699186, 1398372, 349593.0)
701064: (701064, 1402128, 350532.0)
714941: (714941, 1429882, 357470.5)
718632: (718632, 1437264, 359316.0)
724691: (724691, 1449382, 362345.5)
737221: (737221, 1474442, 368610.5)
738455: (738455, 1476910, 369227.5)
741154: (741154, 1482308, 370577.0)
744042: (744042, 1488084, 372021.0)
747002: (747002, 1494004, 373501.0)
750078: (750078, 1500156, 375039.0)
760209: (760209, 1520418, 380104.5)
777085: (777085, 1554170, 388542.5)
778070: (778070, 1556140, 389035.0)
796153: (796153, 1592306, 398076.5)
805535: (805535, 1611070, 402767.5)
842985: (842985, 1685970, 421492.5)
849172: (849172, 1698344, 424586.0)
856004: (856004, 1712008, 428002.0)
874835: (874835, 1749670, 437417.5)
880092: (880092, 1760184, 440046.0)
887375: (887375, 1774750, 443687.5)
888691: (888691, 1777382, 444345.5)
907234: (907234, 1814468, 453617.0)
927025: (927025, 1854050, 463512.5)
935227: (935227, 1870454, 467613.5)
943182: (943182, 1886364, 471591.0)
943264: (943264, 1886528, 471632.0)
958279: (958279, 1916558, 479139.5)
999960: (999960, 1999920, 499980.0)
