779: (779, 1558, 389.5)
1256: (1256, 2512, 628.0)
1556: (1556, 3112, 778.0)
2573: (2573, 5146, 1286.5)
2728: (2728, 5456, 1364.0)
2958: (2958, 5916, 1479.0)
3604: (3604, 7208, 1802.0)
6144: (6144, 12288, 3072.0)
6625: (6625, 13250, 3312.5)
7038: (7038, 14076, 3519.0)
8919: (8919, 17838, 4459.5)
9450: (9450, 18900, 4725.0)
10691: (10691, 21382, 5345.5)
13310: (13310, 26620, 6655.0)
14065: (14065, 28130, 7032.5)
14577: (14577, 29154, 7288.5)
16406: (16406, 32812, 8203.0)
18036: (18036, 36072, 9018.0)
18290: (18290, 36580, 9145.0)
18574: (18574, 37148, 9287.0)
18662: (18662, 37324, 9331.0)
20868: (20868, 41736, 10434.0)
21460: (21460, 42920, 10730.0)
22492: (22492, 44984, 11246.0)
23859: (23859, 47718, 11929.5)
24434: (24434, 48868, 12217.0)
25906: (25906, 51812, 12953.0)
26635: (26635, 53270, 13317.5)
27941: (27941, 55882, 13970.5)
31418: (31418, 62836, 15709.0)
33012: (33012, 66024, 16506.0)
33468: (33468, 66936, 16734.0)
36552: (36552, 73104, 18276.0)
37020: (37020, 74040, 18510.0)
37769: (37769, 75538, 18884.5)
37949: (37949, 75898, 18974.5)
41538: (41538, 83076, 20769.0)
42644: (42644, 85288, 21322.0)
43604: (43604, 87208, 21802.0)
43828: (43828, 87656, 21914.0)
45438: (45438, 90876, 22719.0)
45673: (45673, 91346, 22836.5)
45907: (45907, 91814, 22953.5)
46267: (46267, 92534, 23133.5)
48418: (48418, 96836, 24209.0)
48724: (48724, 97448, 24362.0)
49637: (49637, 99274, 24818.5)
49677: (49677, 99354, 24838.5)
49897: (49897, 99794, 24948.5)
50488: (50488, 100976, 25244.0)
51758: (51758, 103516, 25879.0)
52555: (52555, 105110, 26277.5)
52881: (52881, 105762, 26440.5)
57181: (57181, 114362, 28590.5)
59017: (59017, 118034, 29508.5)
60158: (60158, 120316, 30079.0)
61598: (61598, 123196, 30799.0)
62110: (62110, 124220, 31055.0)
62682: (62682, 125364, 31341.0)
63620: (63620, 127240, 31810.0)
64742: (64742, 129484, 32371.0)
65065: (65065, 130130, 32532.5)
66304: (66304, 132608, 33152.0)
69259: (69259, 138518, 34629.5)
69420: (69420, 138840, 34710.0)
70850: (70850, 141700, 35425.0)
71905: (71905, 143810, 35952.5)
72325: (72325, 144650, 36162.5)
72743: (72743, 145486, 36371.5)
73244: (73244, 146488, 36622.0)
73268: (73268, 146536, 36634.0)
73780: (73780, 147560, 36890.0)
75957: (75957, 151914, 37978.5)
76102: (76102, 152204, 38051.0)
77063: (77063, 154126, 38531.5)
78591: (78591, 157182, 39295.5)
80227: (80227, 160454, 40113.5)
81801: (81801, 163602, 40900.5)
82127: (82127, 164254, 41063.5)
82492: (82492, 164984, 41246.0)
84657: (84657, 169314, 42328.5)
85394: (85394, 170788, 42697.0)
87257: (87257, 174514, 43628.5)
87731: (87731, 175462, 43865.5)
87908: (87908, 175816, 43954.0)
88009: (88009, 176018, 44004.5)
89136: (89136, 178272, 44568.0)
89296: (89296, 178592, 44648.0)
90793: (90793, 181586, 45396.5)
91319: (91319, 182638, 45659.5)
92223: (92223, 184446, 46111.5)
92699: (92699, 185398, 46349.5)
93864: (93864, 187728, 46932.0)
94098: (94098, 188196, 47049.0)
95769: (95769, 191538, 47884.5)
96923: (96923, 193846, 48461.5)
97590: (97590, 195180, 48795.0)
98006: (98006, 196012, 49003.0)
98213: (98213, 196426, 49106.5)
99937: (99937, 199874, 49968.5)
41792: (41792, 83584, 20896.0)
49902: (49902, 99804, 24951.0)
52284: (52284, 104568, 26142.0)
71695: (71695, 143390, 35847.5)
74124: (74124, 148248, 37062.0)
76118: (76118, 152236, 38059.0)
76707: (76707, 153414, 38353.5)
91001: (91001, 182002, 45500.5)
93809: (93809, 187618, 46904.5)
101758: (101758, 203516, 50879.0)
122593: (122593, 245186, 61296.5)
125084: (125084, 250168, 62542.0)
126848: (126848, 253696, 63424.0)
134652: (134652, 269304, 67326.0)
159182: (159182, 318364, 79591.0)
175137: (175137, 350274, 87568.5)
210566: (210566, 421132, 105283.0)
244898: (244898, 489796, 122449.0)
256710: (256710, 513420, 128355.0)
280312: (280312, 560624, 140156.0)
306335: (306335, 612670, 153167.5)
306579: (306579, 613158, 153289.5)
348813: (348813, 697626, 174406.5)
374058: (374058, 748116, 187029.0)
380546: (380546, 761092, 190273.0)
380883: (380883, 761766, 190441.5)
399683: (399683, 799366, 199841.5)
409572: (409572, 819144, 204786.0)
428066: (428066, 856132, 214033.0)
432865: (432865, 865730, 216432.5)
443670: (443670, 887340, 221835.0)
448804: (448804, 897608, 224402.0)
448954: (448954, 897908, 224477.0)
451867: (451867, 903734, 225933.5)
459491: (459491, 918982, 229745.5)
477292: (477292, 954584, 238646.0)
481949: (481949, 963898, 240974.5)
482275: (482275, 964550, 241137.5)
489605: (489605, 979210, 244802.5)
492603: (492603, 985206, 246301.5)
494216: (494216, 988432, 247108.0)
494571: (494571, 989142, 247285.5)
502406: (502406, 1004812, 251203.0)
504807: (504807, 1009614, 252403.5)
511732: (511732, 1023464, 255866.0)
512307: (512307, 1024614, 256153.5)
520396: (520396, 1040792, 260198.0)
520533: (520533, 1041066, 260266.5)
536173: (536173, 1072346, 268086.5)
551257: (551257, 1102514, 275628.5)
554566: (554566, 1109132, 277283.0)
557220: (557220, 1114440, 278610.0)
561562: (561562, 1123124, 280781.0)
564328: (564328, 1128656, 282164.0)
567575: (567575, 1135150, 283787.5)
582521: (582521, 1165042, 291260.5)
584331: (584331, 1168662, 292165.5)
590277: (590277, 1180554, 295138.5)
595030: (595030, 1190060, 297515.0)
625578: (625578, 1251156, 312789.0)
631060: (631060, 1262120, 315530.0)
640856: (640856, 1281712, 320428.0)
652305: (652305, 1304610, 326152.5)
655143: (655143, 1310286, 327571.5)
672156: (672156, 1344312, 336078.0)
686753: (686753, 1373506, 343376.5)
700224: (700224, 1400448, 350112.0)
704759: (704759, 1409518, 352379.5)
709601: (709601, 1419202, 354800.5)
713262: (713262, 1426524, 356631.0)
713867: (713867, 1427734, 356933.5)
736556: (736556, 1473112, 368278.0)
756585: (756585, 1513170, 378292.5)
761396: (761396, 1522792, 380698.0)
761400: (761400, 1522800, 380700.0)
763820: (763820, 1527640, 381910.0)
766324: (766324, 1532648, 383162.0)
774875: (774875, 1549750, 387437.5)
781112: (781112, 1562224, 390556.0)
782071: (782071, 1564142, 391035.5)
813207: (813207, 1626414, 406603.5)
819218: (819218, 1638436, 409609.0)
822427: (822427, 1644854, 411213.5)
827893: (827893, 1655786, 413946.5)
847239: (847239, 1694478, 423619.5)
850822: (850822, 1701644, 425411.0)
852829: (852829, 1705658, 426414.5)
863976: (863976, 1727952, 431988.0)
866235: (866235, 1732470, 433117.5)
891735: (891735, 1783470, 445867.5)
896991: (896991, 1793982, 448495.5)
900348: (900348, 1800696, 450174.0)
901003: (901003, 1802006, 450501.5)
903451: (903451, 1806902, 451725.5)
921390: (921390, 1842780, 460695.0)
945712: (945712, 1891424, 472856.0)
952746: (952746, 1905492, 476373.0)
953597: (953597, 1907194, 476798.5)
987919: (987919, 1975838, 493959.5)
999255: (999255, 1998510, 499627.5)
