167: (167, 334, 83.5)
3344: (3344, 6688, 1672.0)
3521: (3521, 7042, 1760.5)
5029: (5029, 10058, 2514.5)
5341: (5341, 10682, 2670.5)
10365: (10365, 20730, 5182.5)
10877: (10877, 21754, 5438.5)
11229: (11229, 22458, 5614.5)
11377: (11377, 22754, 5688.5)
13322: (13322, 26644, 6661.0)
14178: (14178, 28356, 7089.0)
15613: (15613, 31226, 7806.5)
16992: (16992, 33984, 8496.0)
18412: (18412, 36824, 9206.0)
18618: (18618, 37236, 9309.0)
19706: (19706, 39412, 9853.0)
22344: (22344, 44688, 11172.0)
23443: (23443, 46886, 11721.5)
23515: (23515, 47030, 11757.5)
26526: (26526, 53052, 13263.0)
27861: (27861, 55722, 13930.5)
28104: (28104, 56208, 14052.0)
28188: (28188, 56376, 14094.0)
28278: (28278, 56556, 14139.0)
29899: (29899, 59798, 14949.5)
32601: (32601, 65202, 16300.5)
33126: (33126, 66252, 16563.0)
33813: (33813, 67626, 16906.5)
33986: (33986, 67972, 16993.0)
34150: (34150, 68300, 17075.0)
34447: (34447, 68894, 17223.5)
36040: (36040, 72080, 18020.0)
37414: (37414, 74828, 18707.0)
39620: (39620, 79240, 19810.0)
40030: (40030, 80060, 20015.0)
40187: (40187, 80374, 20093.5)
41141: (41141, 82282, 20570.5)
41991: (41991, 83982, 20995.5)
42656: (42656, 85312, 21328.0)
42749: (42749, 85498, 21374.5)
43961: (43961, 87922, 21980.5)
46294: (46294, 92588, 23147.0)
49133: (49133, 98266, 24566.5)
49483: (49483, 98966, 24741.5)
49550: (49550, 99100, 24775.0)
49620: (49620, 99240, 24810.0)
49906: (49906, 99812, 24953.0)
51717: (51717, 103434, 25858.5)
51800: (51800, 103600, 25900.0)
53201: (53201, 106402, 26600.5)
53523: (53523, 107046, 26761.5)
56167: (56167, 112334, 28083.5)
56499: (56499, 112998, 28249.5)
56844: (56844, 113688, 28422.0)
56909: (56909, 113818, 28454.5)
57425: (57425, 114850, 28712.5)
57508: (57508, 115016, 28754.0)
58159: (58159, 116318, 29079.5)
58221: (58221, 116442, 29110.5)
58727: (58727, 117454, 29363.5)
58771: (58771, 117542, 29385.5)
59693: (59693, 119386, 29846.5)
61894: (61894, 123788, 30947.0)
62475: (62475, 124950, 31237.5)
62704: (62704, 125408, 31352.0)
64908: (64908, 129816, 32454.0)
65108: (65108, 130216, 32554.0)
65292: (65292, 130584, 32646.0)
67833: (67833, 135666, 33916.5)
68192: (68192, 136384, 34096.0)
69193: (69193, 138386, 34596.5)
69335: (69335, 138670, 34667.5)
71539: (71539, 143078, 35769.5)
73768: (73768, 147536, 36884.0)
73780: (73780, 147560, 36890.0)
77132: (77132, 154264, 38566.0)
77273: (77273, 154546, 38636.5)
77586: (77586, 155172, 38793.0)
77777: (77777, 155554, 38888.5)
78098: (78098, 156196, 39049.0)
78863: (78863, 157726, 39431.5)
81404: (81404, 162808, 40702.0)
83101: (83101, 166202, 41550.5)
83689: (83689, 167378, 41844.5)
84865: (84865, 169730, 42432.5)
85742: (85742, 171484, 42871.0)
85746: (85746, 171492, 42873.0)
86381: (86381, 172762, 43190.5)
87132: (87132, 174264, 43566.0)
87989: (87989, 175978, 43994.5)
88613: (88613, 177226, 44306.5)
89654: (89654, 179308, 44827.0)
89833: (89833, 179666, 44916.5)
90183: (90183, 180366, 45091.5)
91840: (91840, 183680, 45920.0)
93824: (93824, 187648, 46912.0)
96142: (96142, 192284, 48071.0)
96341: (96341, 192682, 48170.5)
97850: (97850, 195700, 48925.0)
97989: (97989, 195978, 48994.5)
17689: (17689, 35378, 8844.5)
26418: (26418, 52836, 13209.0)
40574: (40574, 81148, 20287.0)
42067: (42067, 84134, 21033.5)
42375: (42375, 84750, 21187.5)
57627: (57627, 115254, 28813.5)
59566: (59566, 119132, 29783.0)
62010: (62010, 124020, 31005.0)
87511: (87511, 175022, 43755.5)
98378: (98378, 196756, 49189.0)
114632: (114632, 229264, 57316.0)
128028: (128028, 256056, 64014.0)
129354: (129354, 258708, 64677.0)
134589: (134589, 269178, 67294.5)
147022: (147022, 294044, 73511.0)
192155: (192155, 384310, 96077.5)
197256: (197256, 394512, 98628.0)
217963: (217963, 435926, 108981.5)
239066: (239066, 478132, 119533.0)
241001: (241001, 482002, 120500.5)
248928: (248928, 497856, 124464.0)
258900: (258900, 517800, 129450.0)
261494: (261494, 522988, 130747.0)
275135: (275135, 550270, 137567.5)
276090: (276090, 552180, 138045.0)
288896: (288896, 577792, 144448.0)
291772: (291772, 583544, 145886.0)
291781: (291781, 583562, 145890.5)
293439: (293439, 586878, 146719.5)
295404: (295404, 590808, 147702.0)
305998: (305998, 611996, 152999.0)
308142: (308142, 616284, 154071.0)
320214: (320214, 640428, 160107.0)
338774: (338774, 677548, 169387.0)
340074: (340074, 680148, 170037.0)
351820: (351820, 703640, 175910.0)
360510: (360510, 721020, 180255.0)
362982: (362982, 725964, 181491.0)
367843: (367843, 735686, 183921.5)
374168: (374168, 748336, 187084.0)
381526: (381526, 763052, 190763.0)
403048: (403048, 806096, 201524.0)
424775: (424775, 849550, 212387.5)
439958: (439958, 879916, 219979.0)
446216: (446216, 892432, 223108.0)
451807: (451807, 903614, 225903.5)
484457: (484457, 968914, 242228.5)
490627: (490627, 981254, 245313.5)
493302: (493302, 986604, 246651.0)
499682: (499682, 999364, 249841.0)
506055: (506055, 1012110, 253027.5)
506104: (506104, 1012208, 253052.0)
513355: (513355, 1026710, 256677.5)
522582: (522582, 1045164, 261291.0)
535789: (535789, 1071578, 267894.5)
577958: (577958, 1155916, 288979.0)
590335: (590335, 1180670, 295167.5)
591895: (591895, 1183790, 295947.5)
594980: (594980, 1189960, 297490.0)
598526: (598526, 1197052, 299263.0)
599296: (599296, 1198592, 299648.0)
609109: (609109, 1218218, 304554.5)
614233: (614233, 1228466, 307116.5)
618348: (618348, 1236696, 309174.0)
631223: (631223, 1262446, 315611.5)
635681: (635681, 1271362, 317840.5)
636985: (636985, 1273970, 318492.5)
670965: (670965, 1341930, 335482.5)
673088: (673088, 1346176, 336544.0)
699430: (699430, 1398860, 349715.0)
705508: (705508, 1411016, 352754.0)
710040: (710040, 1420080, 355020.0)
714973: (714973, 1429946, 357486.5)
720107: (720107, 1440214, 360053.5)
723034: (723034, 1446068, 361517.0)
741115: (741115, 1482230, 370557.5)
742135: (742135, 1484270, 371067.5)
743528: (743528, 1487056, 371764.0)
745033: (745033, 1490066, 372516.5)
747589: (747589, 1495178, 373794.5)
766702: (766702, 1533404, 383351.0)
767351: (767351, 1534702, 383675.5)
779833: (779833, 1559666, 389916.5)
790669: (790669, 1581338, 395334.5)
793809: (793809, 1587618, 396904.5)
813450: (813450, 1626900, 406725.0)
845429: (845429, 1690858, 422714.5)
857105: (857105, 1714210, 428552.5)
863090: (863090, 1726180, 431545.0)
871594: (871594, 1743188, 435797.0)
876991: (876991, 1753982, 438495.5)
904086: (904086, 1808172, 452043.0)
910449: (910449, 1820898, 455224.5)
910611: (910611, 1821222, 455305.5)
939277: (939277, 1878554, 469638.5)
955161: (955161, 1910322, 477580.5)
966162: (966162, 1932324, 483081.0)
972744: (972744, 1945488, 486372.0)
973866: (973866, 1947732, 486933.0)
981898: (981898, 1963796, 490949.0)
