189: (189, 378, 94.5)
600: (600, 1200, 300.0)
1345: (1345, 2690, 672.5)
1870: (1870, 3740, 935.0)
4062: (4062, 8124, 2031.0)
4170: (4170, 8340, 2085.0)
8080: (8080, 16160, 4040.0)
9353: (9353, 18706, 4676.5)
9389: (9389, 18778, 4694.5)
10289: (10289, 20578, 5144.5)
10851: (10851, 21702, 5425.5)
11505: (11505, 23010, 5752.5)
11574: (11574, 23148, 5787.0)
11638: (11638, 23276, 5819.0)
13238: (13238, 26476, 6619.0)
13444: (13444, 26888, 6722.0)
13680: (13680, 27360, 6840.0)
14403: (14403, 28806, 7201.5)
15275: (15275, 30550, 7637.5)
15504: (15504, 31008, 7752.0)
15747: (15747, 31494, 7873.5)
18287: (18287, 36574, 9143.5)
18358: (18358, 36716, 9179.0)
19158: (19158, 38316, 9579.0)
21380: (21380, 42760, 10690.0)
21604: (21604, 43208, 10802.0)
25888: (25888, 51776, 12944.0)
28157: (28157, 56314, 14078.5)
29845: (29845, 59690, 14922.5)
30610: (30610, 61220, 15305.0)
31417: (31417, 62834, 15708.5)
31829: (31829, 63658, 15914.5)
31852: (31852, 63704, 15926.0)
32236: (32236, 64472, 16118.0)
34168: (34168, 68336, 17084.0)
34427: (34427, 68854, 17213.5)
34695: (34695, 69390, 17347.5)
37526: (37526, 75052, 18763.0)
38121: (38121, 76242, 19060.5)
38945: (38945, 77890, 19472.5)
39579: (39579, 79158, 19789.5)
39862: (39862, 79724, 19931.0)
40613: (40613, 81226, 20306.5)
41768: (41768, 83536, 20884.0)
44151: (44151, 88302, 22075.5)
46118: (46118, 92236, 23059.0)
46992: (46992, 93984, 23496.0)
48564: (48564, 97128, 24282.0)
49617: (49617, 99234, 24808.5)
52037: (52037, 104074, 26018.5)
52189: (52189, 104378, 26094.5)
53013: (53013, 106026, 26506.5)
55148: (55148, 110296, 27574.0)
56403: (56403, 112806, 28201.5)
57109: (57109, 114218, 28554.5)
57198: (57198, 114396, 28599.0)
58389: (58389, 116778, 29194.5)
58734: (58734, 117468, 29367.0)
61757: (61757, 123514, 30878.5)
61905: (61905, 123810, 30952.5)
63486: (63486, 126972, 31743.0)
65154: (65154, 130308, 32577.0)
65389: (65389, 130778, 32694.5)
67033: (67033, 134066, 33516.5)
67055: (67055, 134110, 33527.5)
68444: (68444, 136888, 34222.0)
70324: (70324, 140648, 35162.0)
71292: (71292, 142584, 35646.0)
71621: (71621, 143242, 35810.5)
74217: (74217, 148434, 37108.5)
74992: (74992, 149984, 37496.0)
75311: (75311, 150622, 37655.5)
79343: (79343, 158686, 39671.5)
80563: (80563, 161126, 40281.5)
81101: (81101, 162202, 40550.5)
82544: (82544, 165088, 41272.0)
83138: (83138, 166276, 41569.0)
83617: (83617, 167234, 41808.5)
83682: (83682, 167364, 41841.0)
84969: (84969, 169938, 42484.5)
85561: (85561, 171122, 42780.5)
85844: (85844, 171688, 42922.0)
86447: (86447, 172894, 43223.5)
86487: (86487, 172974, 43243.5)
87325: (87325, 174650, 43662.5)
88094: (88094, 176188, 44047.0)
89987: (89987, 179974, 44993.5)
90772: (90772, 181544, 45386.0)
91529: (91529, 183058, 45764.5)
91698: (91698, 183396, 45849.0)
92412: (92412, 184824, 46206.0)
92427: (92427, 184854, 46213.5)
92658: (92658, 185316, 46329.0)
93340: (93340, 186680, 46670.0)
94880: (94880, 189760, 47440.0)
95177: (95177, 190354, 47588.5)
96057: (96057, 192114, 48028.5)
98032: (98032, 196064, 49016.0)
98162: (98162, 196324, 49081.0)
98332: (98332, 196664, 49166.0)
3742: (3742, 7484, 1871.0)
15966: (15966, 31932, 7983.0)
26879: (26879, 53758, 13439.5)
29350: (29350, 58700, 14675.0)
33667: (33667, 67334, 16833.5)
34710: (34710, 69420, 17355.0)
47416: (47416, 94832, 23708.0)
48408: (48408, 96816, 24204.0)
50065: (50065, 100130, 25032.5)
60645: (60645, 121290, 30322.5)
61955: (61955, 123910, 30977.5)
74676: (74676, 149352, 37338.0)
83602: (83602, 167204, 41801.0)
93681: (93681, 187362, 46840.5)
95851: (95851, 191702, 47925.5)
104773: (104773, 209546, 52386.5)
129774: (129774, 259548, 64887.0)
132196: (132196, 264392, 66098.0)
155046: (155046, 310092, 77523.0)
166344: (166344, 332688, 83172.0)
185322: (185322, 370644, 92661.0)
186359: (186359, 372718, 93179.5)
194194: (194194, 388388, 97097.0)
202654: (202654, 405308, 101327.0)
210794: (210794, 421588, 105397.0)
215058: (215058, 430116, 107529.0)
259226: (259226, 518452, 129613.0)
259944: (259944, 519888, 129972.0)
260786: (260786, 521572, 130393.0)
264116: (264116, 528232, 132058.0)
278967: (278967, 557934, 139483.5)
301033: (301033, 602066, 150516.5)
305786: (305786, 611572, 152893.0)
323756: (323756, 647512, 161878.0)
343723: (343723, 687446, 171861.5)
346548: (346548, 693096, 173274.0)
347242: (347242, 694484, 173621.0)
362529: (362529, 725058, 181264.5)
363812: (363812, 727624, 181906.0)
372124: (372124, 744248, 186062.0)
402567: (402567, 805134, 201283.5)
404459: (404459, 808918, 202229.5)
407404: (407404, 814808, 203702.0)
434484: (434484, 868968, 217242.0)
437842: (437842, 875684, 218921.0)
442173: (442173, 884346, 221086.5)
456647: (456647, 913294, 228323.5)
459900: (459900, 919800, 229950.0)
466099: (466099, 932198, 233049.5)
470639: (470639, 941278, 235319.5)
471344: (471344, 942688, 235672.0)
474185: (474185, 948370, 237092.5)
481029: (481029, 962058, 240514.5)
484051: (484051, 968102, 242025.5)
486844: (486844, 973688, 243422.0)
491842: (491842, 983684, 245921.0)
491996: (491996, 983992, 245998.0)
509733: (509733, 1019466, 254866.5)
512727: (512727, 1025454, 256363.5)
524570: (524570, 1049140, 262285.0)
524917: (524917, 1049834, 262458.5)
543711: (543711, 1087422, 271855.5)
545004: (545004, 1090008, 272502.0)
545659: (545659, 1091318, 272829.5)
550583: (550583, 1101166, 275291.5)
565727: (565727, 1131454, 282863.5)
572593: (572593, 1145186, 286296.5)
592815: (592815, 1185630, 296407.5)
609629: (609629, 1219258, 304814.5)
611096: (611096, 1222192, 305548.0)
624209: (624209, 1248418, 312104.5)
628159: (628159, 1256318, 314079.5)
636317: (636317, 1272634, 318158.5)
642370: (642370, 1284740, 321185.0)
652742: (652742, 1305484, 326371.0)
676519: (676519, 1353038, 338259.5)
694981: (694981, 1389962, 347490.5)
713552: (713552, 1427104, 356776.0)
722816: (722816, 1445632, 361408.0)
735510: (735510, 1471020, 367755.0)
755961: (755961, 1511922, 377980.5)
765126: (765126, 1530252, 382563.0)
767804: (767804, 1535608, 383902.0)
770495: (770495, 1540990, 385247.5)
777001: (777001, 1554002, 388500.5)
780664: (780664, 1561328, 390332.0)
800985: (800985, 1601970, 400492.5)
801683: (801683, 1603366, 400841.5)
802232: (802232, 1604464, 401116.0)
858676: (858676, 1717352, 429338.0)
862346: (862346, 1724692, 431173.0)
898384: (898384, 1796768, 449192.0)
906015: (906015, 1812030, 453007.5)
906289: (906289, 1812578, 453144.5)
914001: (914001, 1828002, 457000.5)
918350: (918350, 1836700, 459175.0)
931087: (931087, 1862174, 465543.5)
931202: (931202, 1862404, 465601.0)
957834: (957834, 1915668, 478917.0)
992511: (992511, 1985022, 496255.5)
